T	y	with	h=0.02
0	0.9998
0.02	0.9992
0.04	0.9982
0.06	0.996801
0.08	0.995004
0.1	0.992808
0.12	0.990215
0.14	0.987226
0.16	0.983842
0.18	0.980064
0.2	0.975894
0.22	0.971334
0.24	0.966386
0.26	0.961051
0.28	0.955331
0.3	0.949229
0.32	0.942747
0.34	0.935889
0.36	0.928656
0.38	0.921051
0.4	0.913078
0.42	0.90474
0.44	0.896039
0.46	0.886981
0.48	0.877567
0.5	0.867802
0.52	0.857691
0.54	0.847236
0.56	0.836442
0.58	0.825314
0.6	0.813855
0.62	0.802071
0.64	0.789966
0.66	0.777545
0.68	0.764813
0.7	0.751775
0.72	0.738436
0.74	0.724802
0.76	0.710878
0.78	0.696669
0.8	0.682182
0.82	0.667422
0.84	0.652395
0.86	0.637106
0.88	0.621564
0.9	0.605772
0.92	0.589738
0.94	0.573468
0.96	0.556969
0.98	0.540247
1	0.523309
1.02	0.506161
1.04	0.488811
1.06	0.471265
1.08	0.453531
1.1	0.435616
1.12	0.417526
1.14	0.399269
1.16	0.380853
1.18	0.362284
1.2	0.34357
1.22	0.324719
1.24	0.305737
1.26	0.286634
1.28	0.267416
1.3	0.248091
1.32	0.228666
1.34	0.20915
1.36	0.189551
1.38	0.169875
1.4	0.150132
1.42	0.130329
1.44	0.110473
1.46	0.0905735
1.48	0.0706376
1.5	0.0506734
1.52	0.0306889
1.54	0.0106922
1.56	-0.00930887
1.58	-0.0293062
1.6	-0.0492918
1.62	-0.0692576
1.64	-0.0891958
1.66	-0.109098
1.68	-0.128957
1.7	-0.148764
1.72	-0.168512
1.74	-0.188192
1.76	-0.207797
1.78	-0.227319
1.8	-0.24675
1.82	-0.266083
1.84	-0.285308
1.86	-0.30442
1.88	-0.32341
1.9	-0.342271
1.92	-0.360994
1.94	-0.379573
1.96	-0.398001
1.98	-0.416269
2	-0.434371
2.02	-0.452298
2.04	-0.470045
2.06	-0.487604
2.08	-0.504968
2.1	-0.52213
2.12	-0.539083
2.14	-0.55582
2.16	-0.572335
2.18	-0.588621
2.2	-0.604671
2.22	-0.62048
2.24	-0.636041
2.26	-0.651346
2.28	-0.666392
2.3	-0.681171
2.32	-0.695677
2.34	-0.709905
2.36	-0.723849
2.38	-0.737504
2.4	-0.750863
2.42	-0.763922
2.44	-0.776675
2.46	-0.789118
2.48	-0.801245
2.5	-0.813052
2.52	-0.824533
2.54	-0.835685
2.56	-0.846502
2.58	-0.85698
2.6	-0.867116
2.62	-0.876905
2.64	-0.886343
2.66	-0.895426
2.68	-0.904151
2.7	-0.912515
2.72	-0.920514
2.74	-0.928144
2.76	-0.935403
2.78	-0.942287
2.8	-0.948795
2.82	-0.954924
2.84	-0.96067
2.86	-0.966032
2.88	-0.971007
2.9	-0.975594
2.92	-0.979791
2.94	-0.983596
2.96	-0.987007
2.98	-0.990024
3	-0.992644
3.02	-0.994867
3.04	-0.996693
3.06	-0.998119
3.08	-0.999147
3.1	-0.999774
3.12	-1
3.14	-0.99983
3.16	-0.999258
3.18	-0.998285
3.2	-0.996914
3.22	-0.995144
3.24	-0.992976
3.26	-0.99041
3.28	-0.987448
3.3	-0.984092
3.32	-0.980341
3.34	-0.976199
3.36	-0.971665
3.38	-0.966744
3.4	-0.961435
3.42	-0.955742
3.44	-0.949666
3.46	-0.943211
3.48	-0.936378
3.5	-0.929171
3.52	-0.921592
3.54	-0.913644
3.56	-0.905331
3.58	-0.896655
3.6	-0.887621
3.62	-0.878232
3.64	-0.868492
3.66	-0.858404
3.68	-0.847972
3.7	-0.837202
3.72	-0.826096
3.74	-0.814661
3.76	-0.802899
3.78	-0.790816
3.8	-0.778416
3.82	-0.765706
3.84	-0.752688
3.86	-0.73937
3.88	-0.725756
3.9	-0.711852
3.92	-0.697663
3.94	-0.683195
3.96	-0.668453
3.98	-0.653444
4	-0.638174
4.02	-0.622649
4.04	-0.606874
4.06	-0.590856
4.08	-0.574603
4.1	-0.558119
4.12	-0.541412
4.14	-0.524489
4.16	-0.507355
4.18	-0.490019
4.2	-0.472487
4.22	-0.454765
4.24	-0.436862
4.26	-0.418784
4.28	-0.400538
4.3	-0.382132
4.32	-0.363574
4.34	-0.34487
4.36	-0.326028
4.38	-0.307055
4.4	-0.28796
4.42	-0.268749
4.44	-0.249431
4.46	-0.230013
4.48	-0.210504
4.5	-0.190909
4.52	-0.171239
4.54	-0.1515
4.56	-0.131701
4.58	-0.111848
4.6	-0.0919514
4.62	-0.0720176
4.64	-0.0520551
4.66	-0.0320717
4.68	-0.0120754
4.7	0.0079256
4.72	0.0279235
4.74	0.0479102
4.76	0.0678777
4.78	0.0878181
4.8	0.107723
4.82	0.127586
4.84	0.147397
4.86	0.167149
4.88	0.186834
4.9	0.206445
4.92	0.225973
4.94	0.24541
4.96	0.26475
4.98	0.283983
5	0.303103
5.02	0.322102
5.04	0.340972
5.06	0.359705
5.08	0.378294
5.1	0.396733
5.12	0.415012
5.14	0.433125
5.16	0.451066
5.18	0.468825
5.2	0.486397
5.22	0.503775
5.24	0.520951
5.26	0.537919
5.28	0.554671
5.3	0.571202
5.32	0.587504
5.34	0.603571
5.36	0.619397
5.38	0.634974
5.4	0.650298
5.42	0.665362
5.44	0.680159
5.46	0.694685
5.48	0.708932
5.5	0.722896
5.52	0.736571
5.54	0.749951
5.56	0.763031
5.58	0.775806
5.6	0.78827
5.62	0.800419
5.64	0.812248
5.66	0.823752
5.68	0.834927
5.7	0.845767
5.72	0.856269
5.74	0.866429
5.76	0.876242
5.78	0.885704
5.8	0.894812
5.82	0.903562
5.84	0.911951
5.86	0.919975
5.88	0.927631
5.9	0.934916
5.92	0.941826
5.94	0.94836
5.96	0.954515
5.98	0.960288
6	0.965676
6.02	0.970679
6.04	0.975293
6.06	0.979516
6.08	0.983348
6.1	0.986787
6.12	0.989831
6.14	0.992479
6.16	0.99473
6.18	0.996583
6.2	0.998037
6.22	0.999092
6.24	0.999747
6.26	1
6.28	0.999858
6.3	0.999313
6.32	0.998369
6.34	0.997025
6.36	0.995282
6.38	0.993141
6.4	0.990603
6.42	0.987669
6.44	0.984339
6.46	0.980616
6.48	0.976501
6.5	0.971994
6.52	0.967099
6.54	0.961818
6.56	0.956151
6.58	0.950102
6.6	0.943672
6.62	0.936866
6.64	0.929684
6.66	0.922131
6.68	0.914208
6.7	0.90592
6.72	0.89727
6.74	0.88826
6.76	0.878896
6.78	0.869179
6.8	0.859115
6.82	0.848708
6.84	0.83796
6.86	0.826878
6.88	0.815465
6.9	0.803725
6.92	0.791664
6.94	0.779286
6.96	0.766597
6.98	0.753601
7	0.740303
7.02	0.72671
7.04	0.712825
7.06	0.698656
7.08	0.684206
7.1	0.669484
7.12	0.654493
7.14	0.639241
7.16	0.623732
7.18	0.607975
7.2	0.591974
7.22	0.575736
7.24	0.559268
7.26	0.542576
7.28	0.525667
7.3	0.508548
7.32	0.491226
7.34	0.473707
7.36	0.455998
7.38	0.438107
7.4	0.420041
7.42	0.401807
7.44	0.383412
7.46	0.364863
7.48	0.346169
7.5	0.327336
7.52	0.308372
7.54	0.289285
7.56	0.270082
7.58	0.250771
7.6	0.23136
7.62	0.211856
7.64	0.192268
7.66	0.172602
7.68	0.152868
7.7	0.133072
7.72	0.113223
7.74	0.0933291
7.76	0.0733975
7.78	0.0534366
7.8	0.0334544
7.82	0.0134587
7.84	-0.00654231
7.86	-0.0265407
7.88	-0.0465285
7.9	-0.0664977
7.92	-0.0864403
7.94	-0.106348
7.96	-0.126214
7.98	-0.146029
8	-0.165785
8.02	-0.185476
8.04	-0.205092
8.06	-0.224626
8.08	-0.24407
8.1	-0.263416
8.12	-0.282657
8.14	-0.301785
8.16	-0.320793
8.18	-0.339672
8.2	-0.358415
8.22	-0.377015
8.24	-0.395464
8.26	-0.413754
8.28	-0.43188
8.3	-0.449832
8.32	-0.467604
8.34	-0.48519
8.36	-0.502581
8.38	-0.519771
8.4	-0.536754
8.42	-0.553521
8.44	-0.570068
8.46	-0.586386
8.48	-0.602469
8.5	-0.618312
8.52	-0.633907
8.54	-0.649249
8.56	-0.664331
8.58	-0.679147
8.6	-0.693691
8.62	-0.707958
8.64	-0.721942
8.66	-0.735637
8.68	-0.749038
8.7	-0.762139
8.72	-0.774935
8.74	-0.787421
8.76	-0.799592
8.78	-0.811443
8.8	-0.82297
8.82	-0.834167
8.84	-0.845031
8.86	-0.855557
8.88	-0.86574
8.9	-0.875577
8.92	-0.885064
8.94	-0.894197
8.96	-0.902972
8.98	-0.911386
9	-0.919435
9.02	-0.927116
9.04	-0.934427
9.06	-0.941363
9.08	-0.947924
9.1	-0.954105
9.12	-0.959904
9.14	-0.965319
9.16	-0.970348
9.18	-0.974989
9.2	-0.97924
9.22	-0.983099
9.24	-0.986565
9.26	-0.989636
9.28	-0.992312
9.3	-0.99459
9.32	-0.99647
9.34	-0.997952
9.36	-0.999035
9.38	-0.999718
9.4	-1
9.42	-0.999884
9.44	-0.999367
9.46	-0.99845
9.48	-0.997134
9.5	-0.995419
9.52	-0.993305
9.54	-0.990795
9.56	-0.987888
9.58	-0.984586
9.6	-0.980889
9.62	-0.976801
9.64	-0.972322
9.66	-0.967454
9.68	-0.962198
9.7	-0.956558
9.72	-0.950535
9.74	-0.944132
9.76	-0.937352
9.78	-0.930196
9.8	-0.922668
9.82	-0.914771
9.84	-0.906508
9.86	-0.897883
9.88	-0.888898
9.9	-0.879557
9.92	-0.869865
9.94	-0.859825
9.96	-0.849441
9.98	-0.838717
10	-0.827658
10.02	-0.816267
10.04	-0.80455
10.06	-0.792511
10.08	-0.780155
10.1	-0.767487
10.12	-0.754512
10.14	-0.741235
10.16	-0.727661
10.18	-0.713797
10.2	-0.699647
10.22	-0.685217
10.24	-0.670513
10.26	-0.65554
10.28	-0.640306
10.3	-0.624815
10.32	-0.609074
10.34	-0.59309
10.36	-0.576868
10.38	-0.560416
10.4	-0.54374
10.42	-0.526845
10.44	-0.509741
10.46	-0.492432
10.48	-0.474926
10.5	-0.45723
10.52	-0.439352
10.54	-0.421297
10.56	-0.403074
10.58	-0.38469
10.6	-0.366152
10.62	-0.347468
10.64	-0.328644
10.66	-0.309689
10.68	-0.29061
10.7	-0.271415
10.72	-0.252111
10.74	-0.232706
10.76	-0.213209
10.78	-0.193626
10.8	-0.173965
10.82	-0.154235
10.84	-0.134444
10.86	-0.114598
10.88	-0.0947066
10.9	-0.0747773
10.92	-0.0548182
10.94	-0.034837
10.96	-0.014842
10.98	0.00515899
11	0.0251579
11.02	0.0451468
11.04	0.0651176
11.06	0.0850623
11.08	0.104973
11.1	0.124842
11.12	0.144661
11.14	0.164421
11.16	0.184117
11.18	0.203738
11.2	0.223278
11.22	0.242729
11.24	0.262082
11.26	0.281331
11.28	0.300467
11.3	0.319483
11.32	0.338371
11.34	0.357124
11.36	0.375734
11.38	0.394194
11.4	0.412496
11.42	0.430633
11.44	0.448597
11.46	0.466383
11.48	0.483981
11.5	0.501386
11.52	0.518591
11.54	0.535588
11.56	0.552371
11.58	0.568932
11.6	0.585266
11.62	0.601367
11.64	0.617226
11.66	0.632839
11.68	0.648198
11.7	0.663298
11.72	0.678133
11.74	0.692696
11.76	0.706983
11.78	0.720986
11.8	0.734701
11.82	0.748123
11.84	0.761245
11.86	0.774062
11.88	0.78657
11.9	0.798763
11.92	0.810636
11.94	0.822186
11.96	0.833406
11.98	0.844293
12	0.854842
12.02	0.86505
12.04	0.874911
12.06	0.884422
12.08	0.893579
12.1	0.902379
12.12	0.910818
12.14	0.918893
12.16	0.9266
12.18	0.933936
12.2	0.940899
12.22	0.947485
12.24	0.953692
12.26	0.959518
12.28	0.96496
12.3	0.970016
12.32	0.974684
12.34	0.978962
12.36	0.982848
12.38	0.986341
12.4	0.98944
12.42	0.992142
12.44	0.994448
12.46	0.996356
12.48	0.997866
12.5	0.998976
12.52	0.999687
12.54	0.999997
12.56	0.999908
12.58	0.999419
12.6	0.998529
12.62	0.997241
12.64	0.995553
12.66	0.993468
12.68	0.990984
12.7	0.988105
12.72	0.98483
12.74	0.981161
12.76	0.977099
12.78	0.972647
12.8	0.967806
12.82	0.962577
12.84	0.956964
12.86	0.950967
12.88	0.94459
12.9	0.937836
12.92	0.930706
12.94	0.923203
12.96	0.915332
12.98	0.907094
13	0.898494
13.02	0.889534
13.04	0.880218
13.06	0.87055
13.08	0.860533
13.1	0.850173
13.12	0.839472
13.14	0.828436
13.16	0.817068
13.18	0.805373
13.2	0.793356
13.22	0.781022
13.24	0.768375
13.26	0.755421
13.28	0.742165
13.3	0.728612
13.32	0.714767
13.34	0.700637
13.36	0.686226
13.38	0.67154
13.4	0.656586
13.42	0.64137
13.44	0.625897
13.46	0.610173
13.48	0.594205
13.5	0.578
13.52	0.561563
13.54	0.544902
13.56	0.528022
13.58	0.510932
13.6	0.493637
13.62	0.476145
13.64	0.458462
13.66	0.440595
13.68	0.422553
13.7	0.404341
13.72	0.385968
13.74	0.36744
13.76	0.348765
13.78	0.329951
13.8	0.311005
13.82	0.291934
13.84	0.272747
13.86	0.25345
13.88	0.234052
13.9	0.214561
13.92	0.194983
13.94	0.175328
13.96	0.155602
13.98	0.135815
14	0.115972
14.02	0.0960839
14.04	0.076157
14.06	0.0561996
14.08	0.0362196
14.1	0.0162252
14.12	-0.00377566
14.14	-0.023775
14.16	-0.0437649
14.18	-0.0637373
14.2	-0.0836842
14.22	-0.103598
14.24	-0.12347
14.26	-0.143292
14.28	-0.163057
14.3	-0.182757
14.32	-0.202384
14.34	-0.22193
14.36	-0.241387
14.38	-0.260748
14.4	-0.280004
14.42	-0.299148
14.44	-0.318173
14.46	-0.33707
14.48	-0.355833
14.5	-0.374453
14.52	-0.392923
14.54	-0.411237
14.56	-0.429385
14.58	-0.447362
14.6	-0.46516
14.62	-0.482772
14.64	-0.50019
14.66	-0.517409
14.68	-0.534421
14.7	-0.551219
14.72	-0.567796
14.74	-0.584146
14.76	-0.600263
14.78	-0.616139
14.8	-0.631769
14.82	-0.647146
14.84	-0.662264
14.86	-0.677118
14.88	-0.6917
14.9	-0.706006
14.92	-0.720029
14.94	-0.733765
14.96	-0.747206
14.98	-0.760349
15	-0.773188
15.02	-0.785717
15.04	-0.797932
15.06	-0.809828
15.08	-0.8214
15.1	-0.832643
15.12	-0.843554
15.14	-0.854126
15.16	-0.864357
15.18	-0.874243
15.2	-0.883778
15.22	-0.89296
15.24	-0.901785
15.26	-0.910249
15.28	-0.918349
15.3	-0.926082
15.32	-0.933444
15.34	-0.940432
15.36	-0.947045
15.38	-0.953278
15.4	-0.95913
15.42	-0.964599
15.44	-0.969682
15.46	-0.974376
15.48	-0.978681
15.5	-0.982595
15.52	-0.986115
15.54	-0.989241
15.56	-0.991971
15.58	-0.994305
15.6	-0.99624
15.62	-0.997777
15.64	-0.998915
15.66	-0.999653
15.68	-0.999992
15.7	-0.99993
15.72	-0.999468
15.74	-0.998607
15.76	-0.997346
15.78	-0.995686
15.8	-0.993628
15.82	-0.991172
15.84	-0.98832
15.86	-0.985072
15.88	-0.98143
15.9	-0.977396
15.92	-0.972971
15.94	-0.968156
15.96	-0.962954
15.98	-0.957367
16	-0.951397
16.02	-0.945046
16.04	-0.938318
16.06	-0.931214
16.08	-0.923737
16.1	-0.915891
16.12	-0.907678
16.14	-0.899103
16.16	-0.890168
16.18	-0.880876
16.2	-0.871232
16.22	-0.86124
16.24	-0.850903
16.26	-0.840226
16.28	-0.829212
16.3	-0.817867
16.32	-0.806195
16.34	-0.7942
16.36	-0.781888
16.38	-0.769263
16.4	-0.75633
16.42	-0.743094
16.44	-0.729561
16.46	-0.715736
16.48	-0.701625
16.5	-0.687234
16.52	-0.672567
16.54	-0.657631
16.56	-0.642433
16.58	-0.626977
16.6	-0.61127
16.62	-0.595319
16.64	-0.57913
16.66	-0.562709
16.68	-0.546063
16.7	-0.529198
16.72	-0.512122
16.74	-0.494841
16.76	-0.477362
16.78	-0.459692
16.8	-0.441838
16.82	-0.423808
16.84	-0.405607
16.86	-0.387245
16.88	-0.368728
16.9	-0.350063
16.92	-0.331258
16.94	-0.31232
16.96	-0.293258
16.98	-0.274078
17	-0.254789
17.02	-0.235398
17.04	-0.215912
17.06	-0.196341
17.08	-0.17669
17.1	-0.156969
17.12	-0.137185
17.14	-0.117347
17.16	-0.0974611
17.18	-0.0775365
17.2	-0.0575809
17.22	-0.0376022
17.24	-0.0176085
17.26	0.00239231
17.28	0.0223921
17.3	0.042383
17.32	0.0623569
17.34	0.0823058
17.36	0.102222
17.38	0.122097
17.4	0.141923
17.42	0.161693
17.44	0.181398
17.46	0.20103
17.48	0.220582
17.5	0.240045
17.52	0.259413
17.54	0.278677
17.56	0.297829
17.58	0.316862
17.6	0.335769
17.62	0.354541
17.64	0.373171
17.66	0.391652
17.68	0.409976
17.7	0.428137
17.72	0.446126
17.74	0.463936
17.76	0.481561
17.78	0.498994
17.8	0.516226
17.82	0.533253
17.84	0.550066
17.86	0.566658
17.88	0.583025
17.9	0.599157
17.92	0.615051
17.94	0.630698
17.96	0.646093
17.98	0.661229
18	0.676101
18.02	0.690703
18.04	0.705028
18.06	0.719071
18.08	0.732826
18.1	0.746289
18.12	0.759452
18.14	0.772312
18.16	0.784863
18.18	0.7971
18.2	0.809018
18.22	0.820613
18.24	0.831879
18.26	0.842812
18.28	0.853409
18.3	0.863664
18.32	0.873573
18.34	0.883133
18.36	0.892339
18.38	0.901189
18.4	0.909678
18.42	0.917803
18.44	0.925562
18.46	0.932949
18.48	0.939964
18.5	0.946602
18.52	0.952862
18.54	0.958741
18.56	0.964236
18.58	0.969346
18.6	0.974067
18.62	0.978399
18.64	0.98234
18.66	0.985888
18.68	0.989041
18.7	0.991798
18.72	0.994159
18.74	0.996122
18.76	0.997687
18.78	0.998852
18.8	0.999618
18.82	0.999984
18.84	0.99995
18.86	0.999516
18.88	0.998683
18.9	0.997449
18.92	0.995817
18.94	0.993786
18.96	0.991358
18.98	0.988533
19	0.985312
19.02	0.981698
19.04	0.977691
19.06	0.973292
19.08	0.968505
19.1	0.963329
19.12	0.957769
19.14	0.951825
19.16	0.945501
19.18	0.938798
19.2	0.93172
19.22	0.924269
19.24	0.916448
19.26	0.908261
19.28	0.89971
19.3	0.8908
19.32	0.881533
19.34	0.871913
19.36	0.861945
19.38	0.851632
19.4	0.840978
19.42	0.829988
19.44	0.818665
19.46	0.807015
19.48	0.795043
19.5	0.782752
19.52	0.770148
19.54	0.757236
19.56	0.744021
19.58	0.730509
19.6	0.716704
19.62	0.702613
19.64	0.68824
19.66	0.673592
19.68	0.658675
19.7	0.643494
19.72	0.628056
19.74	0.612366
19.76	0.596432
19.78	0.580259
19.8	0.563854
19.82	0.547223
19.84	0.530373
19.86	0.513311
19.88	0.496044
19.9	0.478579
19.92	0.460922
19.94	0.44308
19.96	0.425061
19.98	0.406873
20	0.388521
20.02	0.370014
20.04	0.351359
20.06	0.332564
20.08	0.313635
20.1	0.294581
20.12	0.275409
20.14	0.256127
20.16	0.236743
20.18	0.217264
20.2	0.197697
20.22	0.178052
20.24	0.158336
20.26	0.138556
20.28	0.118721
20.3	0.0988381
20.32	0.0789159
20.34	0.0589621
20.36	0.0389847
20.38	0.0189917
20.4	-0.00100894
20.42	-0.0210091
20.44	-0.0410009
20.46	-0.0609763
20.48	-0.0809273
20.5	-0.100846
20.52	-0.120724
20.54	-0.140554
20.56	-0.160328
20.58	-0.180038
20.6	-0.199675
20.62	-0.219233
20.64	-0.238703
20.66	-0.258078
20.68	-0.277349
20.7	-0.296509
20.72	-0.315551
20.74	-0.334466
20.76	-0.353248
20.78	-0.371888
20.8	-0.39038
20.82	-0.408716
20.84	-0.426887
20.86	-0.444889
20.88	-0.462712
20.9	-0.48035
20.92	-0.497796
20.94	-0.515043
20.96	-0.532084
20.98	-0.548911
21	-0.56552
21.02	-0.581902
21.04	-0.598051
21.06	-0.613961
21.08	-0.629626
21.1	-0.645038
21.12	-0.660193
21.14	-0.675083
21.16	-0.689704
21.18	-0.704048
21.2	-0.718111
21.22	-0.731887
21.24	-0.745369
21.26	-0.758554
21.28	-0.771435
21.3	-0.784008
21.32	-0.796267
21.34	-0.808207
21.36	-0.819824
21.38	-0.831113
21.4	-0.84207
21.42	-0.852689
21.44	-0.862968
21.46	-0.872902
21.48	-0.882486
21.5	-0.891717
21.52	-0.900591
21.54	-0.909106
21.56	-0.917256
21.58	-0.92504
21.6	-0.932453
21.62	-0.939494
21.64	-0.946158
21.66	-0.952445
21.68	-0.95835
21.7	-0.963872
21.72	-0.969008
21.74	-0.973756
21.76	-0.978115
21.78	-0.982083
21.8	-0.985658
21.82	-0.988839
21.84	-0.991624
21.86	-0.994012
21.88	-0.996002
21.9	-0.997595
21.92	-0.998788
21.94	-0.999581
21.96	-0.999975
21.98	-0.999969
22	-0.999562
22.02	-0.998756
22.04	-0.99755
22.06	-0.995946
22.08	-0.993942
22.1	-0.991542
22.12	-0.988744
22.14	-0.985551
22.16	-0.981964
22.18	-0.977984
22.2	-0.973612
22.22	-0.968851
22.24	-0.963703
22.26	-0.958169
22.28	-0.952252
22.3	-0.945953
22.32	-0.939277
22.34	-0.932224
22.36	-0.924799
22.38	-0.917004
22.4	-0.908842
22.42	-0.900316
22.44	-0.89143
22.46	-0.882188
22.48	-0.872593
22.5	-0.862648
22.52	-0.852359
22.54	-0.841728
22.56	-0.830761
22.58	-0.819461
22.6	-0.807834
22.62	-0.795884
22.64	-0.783615
22.66	-0.771032
22.68	-0.758141
22.7	-0.744947
22.72	-0.731455
22.74	-0.71767
22.76	-0.703599
22.78	-0.689245
22.8	-0.674616
22.82	-0.659717
22.84	-0.644554
22.86	-0.629134
22.88	-0.613461
22.9	-0.597544
22.92	-0.581387
22.94	-0.564997
22.96	-0.548382
22.98	-0.531547
23	-0.5145
23.02	-0.497247
23.04	-0.479794
23.06	-0.46215
23.08	-0.444321
23.1	-0.426315
23.12	-0.408137
23.14	-0.389797
23.16	-0.3713
23.18	-0.352655
23.2	-0.333869
23.22	-0.31495
23.24	-0.295904
23.26	-0.27674
23.28	-0.257465
23.3	-0.238087
23.32	-0.218614
23.34	-0.199054
23.36	-0.179414
23.38	-0.159702
23.4	-0.139926
23.42	-0.120095
23.44	-0.100215
23.46	-0.0802951
23.48	-0.0603432
23.5	-0.0403671
23.52	-0.0203748
23.54	-0.000374433
23.56	0.0196261
23.58	0.0396188
23.6	0.0595957
23.62	0.0795487
23.64	0.0994698
23.66	0.119351
23.68	0.139185
23.7	0.158963
23.72	0.178677
23.74	0.19832
23.76	0.217884
23.78	0.23736
23.8	0.256742
23.82	0.27602
23.84	0.295189
23.86	0.314239
23.88	0.333163
23.9	0.351955
23.92	0.370605
23.94	0.389107
23.96	0.407454
23.98	0.425637
24	0.443651
24.02	0.461487
24.04	0.479138
24.06	0.496597
24.08	0.513858
24.1	0.530913
24.12	0.547756
24.14	0.56438
24.16	0.580778
24.18	0.596944
24.2	0.612871
24.22	0.628552
24.24	0.643983
24.26	0.659155
24.28	0.674064
24.3	0.688703
24.32	0.703067
24.34	0.71715
24.36	0.730945
24.38	0.744449
24.4	0.757654
24.42	0.770556
24.44	0.783151
24.46	0.795431
24.48	0.807394
24.5	0.819034
24.52	0.830346
24.54	0.841325
24.56	0.851969
24.58	0.862271
24.6	0.872228
24.62	0.881837
24.64	0.891093
24.66	0.899992
24.68	0.908531
24.7	0.916707
24.72	0.924516
24.74	0.931955
24.76	0.939022
24.78	0.945713
24.8	0.952025
24.82	0.957957
24.84	0.963505
24.86	0.968668
24.88	0.973444
24.9	0.97783
24.92	0.981824
24.94	0.985427
24.96	0.988634
24.98	0.991447
25	0.993863
25.02	0.995881
25.04	0.997501
25.06	0.998721
25.08	0.999543
25.1	0.999964
25.12	0.999985
25.14	0.999607
25.16	0.998828
25.18	0.99765
25.2	0.996073
25.22	0.994097
25.24	0.991723
25.26	0.988953
25.28	0.985788
25.3	0.982228
25.32	0.978274
25.34	0.97393
25.36	0.969196
25.38	0.964074
25.4	0.958567
25.42	0.952676
25.44	0.946404
25.46	0.939754
25.48	0.932727
25.5	0.925328
25.52	0.917558
25.54	0.909421
25.56	0.90092
25.58	0.892059
25.6	0.882841
25.62	0.87327
25.64	0.86335
25.66	0.853084
25.68	0.842477
25.7	0.831533
25.72	0.820256
25.74	0.808651
25.76	0.796723
25.78	0.784476
25.8	0.771915
25.82	0.759045
25.84	0.745872
25.86	0.7324
25.88	0.718635
25.9	0.704583
25.92	0.690249
25.94	0.675639
25.96	0.660758
25.98	0.645614
26	0.63021
26.02	0.614555
26.04	0.598654
26.06	0.582514
26.08	0.56614
26.1	0.54954
26.12	0.53272
26.14	0.515687
26.16	0.498448
26.18	0.481009
26.2	0.463378
26.22	0.445562
26.24	0.427567
26.26	0.409401
26.28	0.391072
26.3	0.372586
26.32	0.353951
26.34	0.335174
26.36	0.316263
26.38	0.297226
26.4	0.27807
26.42	0.258802
26.44	0.239432
26.46	0.219965
26.48	0.20041
26.5	0.180775
26.52	0.161068
26.54	0.141296
26.56	0.121468
26.58	0.101592
26.6	0.0816742
26.62	0.0617242
26.64	0.0417494
26.66	0.021758
26.68	0.00175782
26.7	-0.018243
26.72	-0.0382366
26.74	-0.0582149
26.76	-0.0781698
26.78	-0.0980935
26.8	-0.117978
26.82	-0.137815
26.84	-0.157597
26.86	-0.177317
26.88	-0.196965
26.9	-0.216534
26.92	-0.236017
26.94	-0.255405
26.96	-0.274691
26.98	-0.293868
27	-0.312926
27.02	-0.33186
27.04	-0.350661
27.06	-0.369321
27.08	-0.387834
27.1	-0.406191
27.12	-0.424387
27.14	-0.442412
27.16	-0.46026
27.18	-0.477924
27.2	-0.495398
27.22	-0.512672
27.24	-0.529742
27.26	-0.5466
27.28	-0.563239
27.3	-0.579653
27.32	-0.595835
27.34	-0.611779
27.36	-0.627478
27.38	-0.642926
27.4	-0.658116
27.42	-0.673044
27.44	-0.687702
27.46	-0.702085
27.48	-0.716187
27.5	-0.730003
27.52	-0.743527
27.54	-0.756753
27.56	-0.769676
27.58	-0.782292
27.6	-0.794595
27.62	-0.806579
27.64	-0.818242
27.66	-0.829576
27.68	-0.840579
27.7	-0.851246
27.72	-0.861572
27.74	-0.871554
27.76	-0.881186
27.78	-0.890467
27.8	-0.899391
27.82	-0.907955
27.84	-0.916156
27.86	-0.923991
27.88	-0.931456
27.9	-0.938548
27.92	-0.945265
27.94	-0.951604
27.96	-0.957562
27.98	-0.963137
28	-0.968326
28.02	-0.973129
28.04	-0.977542
28.06	-0.981564
28.08	-0.985193
28.1	-0.988428
28.12	-0.991268
28.14	-0.993711
28.16	-0.995757
28.18	-0.997404
28.2	-0.998653
28.22	-0.999502
28.24	-0.999951
28.26	-1
28.28	-0.999649
28.3	-0.998898
28.32	-0.997747
28.34	-0.996198
28.36	-0.994249
28.38	-0.991904
28.4	-0.989161
28.42	-0.986022
28.44	-0.982489
28.46	-0.978564
28.48	-0.974246
28.5	-0.969539
28.52	-0.964444
28.54	-0.958963
28.56	-0.953099
28.58	-0.946853
28.6	-0.940229
28.62	-0.933228
28.64	-0.925854
28.66	-0.91811
28.68	-0.909998
28.7	-0.901523
28.72	-0.892686
28.74	-0.883493
28.76	-0.873946
28.78	-0.86405
28.8	-0.853808
28.82	-0.843224
28.84	-0.832303
28.86	-0.821049
28.88	-0.809467
28.9	-0.797561
28.92	-0.785335
28.94	-0.772796
28.96	-0.759947
28.98	-0.746795
29	-0.733344
29.02	-0.719599
29.04	-0.705566
29.06	-0.691252
29.08	-0.67666
29.1	-0.661798
29.12	-0.646671
29.14	-0.631286
29.16	-0.615648
29.18	-0.599764
29.2	-0.583639
29.22	-0.567282
29.24	-0.550697
29.26	-0.533892
29.28	-0.516874
29.3	-0.499648
29.32	-0.482223
29.34	-0.464605
29.36	-0.446801
29.38	-0.428818
29.4	-0.410664
29.42	-0.392346
29.44	-0.37387
29.46	-0.355245
29.48	-0.336478
29.5	-0.317576
29.52	-0.298547
29.54	-0.279399
29.56	-0.260139
29.58	-0.240775
29.6	-0.221315
29.62	-0.201766
29.64	-0.182136
29.66	-0.162434
29.68	-0.142666
29.7	-0.122842
29.72	-0.102968
29.74	-0.0830531
29.76	-0.063105
29.78	-0.0431317
29.8	-0.0231411
29.82	-0.0031412
29.84	0.0168599
29.86	0.0368543
29.88	0.0568339
29.9	0.0767909
29.92	0.096717
29.94	0.116605
29.96	0.136445
29.98	0.156232
30	0.175955
30.02	0.195609
30.04	0.215184
30.06	0.234673
30.08	0.254068
30.1	0.273362
30.12	0.292546
30.14	0.311613
30.16	0.330556
30.18	0.349366
30.2	0.368036
30.22	0.38656
30.24	0.404928
30.26	0.423135
30.28	0.441172
30.3	0.459033
30.32	0.47671
30.34	0.494197
30.36	0.511486
30.38	0.52857
30.4	0.545443
30.42	0.562097
30.44	0.578527
30.46	0.594725
30.48	0.610686
30.5	0.626402
30.52	0.641867
30.54	0.657076
30.56	0.672022
30.58	0.686699
30.6	0.701101
30.62	0.715223
30.64	0.729059
30.66	0.742603
30.68	0.75585
30.7	0.768795
30.72	0.781432
30.74	0.793756
30.76	0.805763
30.78	0.817448
30.8	0.828806
30.82	0.839832
30.84	0.850522
30.86	0.860872
30.88	0.870877
30.9	0.880534
30.92	0.889839
30.94	0.898788
30.96	0.907377
30.98	0.915604
31	0.923464
31.02	0.930954
31.04	0.938073
31.06	0.944816
31.08	0.951181
31.1	0.957165
31.12	0.962767
31.14	0.967983
31.16	0.972812
31.18	0.977252
31.2	0.981301
31.22	0.984958
31.24	0.98822
31.26	0.991088
31.28	0.993558
31.3	0.995632
31.32	0.997307
31.34	0.998583
31.36	0.999459
31.38	0.999936
31.4	1.00001
31.42	0.999689
31.44	0.998966
31.46	0.997843
31.48	0.996321
31.5	0.9944
31.52	0.992082
31.54	0.989366
31.56	0.986255
31.58	0.98275
31.6	0.978851
31.62	0.97456
31.64	0.96988
31.66	0.964812
31.68	0.959358
31.7	0.95352
31.72	0.9473
31.74	0.940702
31.76	0.933727
31.78	0.926379
31.8	0.91866
31.82	0.910574
31.84	0.902123
31.86	0.893312
31.88	0.884143
31.9	0.874621
31.92	0.864748
31.94	0.85453
31.96	0.84397
31.98	0.833072
32	0.821841
32.02	0.810281
32.04	0.798397
32.06	0.786194
32.08	0.773676
32.1	0.760848
32.12	0.747717
32.14	0.734286
32.16	0.720561
32.18	0.706548
32.2	0.692253
32.22	0.67768
32.24	0.662837
32.26	0.647728
32.28	0.63236
32.3	0.616739
32.32	0.600872
32.34	0.584764
32.36	0.568422
32.38	0.551853
32.4	0.535063
32.42	0.518059
32.44	0.500848
32.46	0.483436
32.48	0.465831
32.5	0.44804
32.52	0.430069
32.54	0.411926
32.56	0.393619
32.58	0.375154
32.6	0.356539
32.62	0.337781
32.64	0.318889
32.66	0.299868
32.68	0.280728
32.7	0.261476
32.72	0.242118
32.74	0.222664
32.76	0.203121
32.78	0.183497
32.8	0.163799
32.82	0.144036
32.84	0.124215
32.86	0.104344
32.88	0.0844319
32.9	0.0644858
32.92	0.0445139
32.94	0.0245241
32.96	0.00452459
32.98	-0.0154768
33	-0.0354719
33.02	-0.0554529
33.04	-0.0754117
33.06	-0.0953403
33.08	-0.115231
33.1	-0.135075
33.12	-0.154866
33.14	-0.174594
33.16	-0.194253
33.18	-0.213833
33.2	-0.233329
33.22	-0.252731
33.24	-0.272032
33.26	-0.291224
33.28	-0.310299
33.3	-0.329251
33.32	-0.34807
33.34	-0.366751
33.36	-0.385285
33.38	-0.403664
33.4	-0.421882
33.42	-0.439932
33.44	-0.457805
33.46	-0.475495
33.48	-0.492995
33.5	-0.510298
33.52	-0.527397
33.54	-0.544284
33.56	-0.560954
33.58	-0.5774
33.6	-0.593615
33.62	-0.609592
33.64	-0.625325
33.66	-0.640808
33.68	-0.656035
33.7	-0.670999
33.72	-0.685695
33.74	-0.700116
33.76	-0.714258
33.78	-0.728114
33.8	-0.741678
33.82	-0.754946
33.84	-0.767912
33.86	-0.78057
33.88	-0.792917
33.9	-0.804946
33.92	-0.816653
33.94	-0.828033
33.96	-0.839083
33.98	-0.849796
34	-0.86017
34.02	-0.870199
34.04	-0.87988
34.06	-0.88921
34.08	-0.898183
34.1	-0.906798
34.12	-0.915049
34.14	-0.922935
34.16	-0.930451
34.18	-0.937595
34.2	-0.944364
34.22	-0.950756
34.24	-0.956766
34.26	-0.962395
34.28	-0.967638
34.3	-0.972494
34.32	-0.976961
34.34	-0.981037
34.36	-0.984721
34.38	-0.988011
34.4	-0.990905
34.42	-0.993403
34.44	-0.995504
34.46	-0.997207
34.48	-0.99851
34.5	-0.999414
34.52	-0.999919
34.54	-1.00002
34.56	-0.999727
34.58	-0.999032
34.6	-0.997937
34.62	-0.996442
34.64	-0.994549
34.66	-0.992258
34.68	-0.98957
34.7	-0.986486
34.72	-0.983008
34.74	-0.979136
34.76	-0.974873
34.78	-0.970219
34.8	-0.965178
34.82	-0.95975
34.84	-0.953939
34.86	-0.947746
34.88	-0.941173
34.9	-0.934225
34.92	-0.926902
34.94	-0.919209
34.96	-0.911148
34.98	-0.902722
35	-0.893936
35.02	-0.884791
35.04	-0.875293
35.06	-0.865445
35.08	-0.85525
35.1	-0.844714
35.12	-0.833839
35.14	-0.822631
35.16	-0.811094
35.18	-0.799232
35.2	-0.78705
35.22	-0.774554
35.24	-0.761748
35.26	-0.748637
35.28	-0.735226
35.3	-0.721522
35.32	-0.707529
35.34	-0.693253
35.36	-0.678699
35.38	-0.663874
35.4	-0.648783
35.42	-0.633433
35.44	-0.61783
35.46	-0.601979
35.48	-0.585888
35.5	-0.569562
35.52	-0.553008
35.54	-0.536233
35.56	-0.519243
35.58	-0.502046
35.6	-0.484648
35.62	-0.467056
35.64	-0.449277
35.66	-0.431319
35.68	-0.413188
35.7	-0.394892
35.72	-0.376437
35.74	-0.357832
35.76	-0.339084
35.78	-0.320201
35.8	-0.301189
35.82	-0.282057
35.84	-0.262811
35.86	-0.243461
35.88	-0.224014
35.9	-0.204476
35.92	-0.184857
35.94	-0.165164
35.96	-0.145405
35.98	-0.125588
36	-0.10572
36.02	-0.0858106
36.04	-0.0658665
36.06	-0.045896
36.08	-0.0259072
36.1	-0.00590798
36.12	0.0140936
36.14	0.0340895
36.16	0.0540718
36.18	0.0740324
36.2	0.0939635
36.22	0.113857
36.24	0.133705
36.26	0.153499
36.28	0.173232
36.3	0.192896
36.32	0.212482
36.34	0.231984
36.36	0.251393
36.38	0.270701
36.4	0.289901
36.42	0.308985
36.44	0.327945
36.46	0.346774
36.48	0.365465
36.5	0.384009
36.52	0.402399
36.54	0.420629
36.56	0.43869
36.58	0.456576
36.6	0.474279
36.62	0.491793
36.64	0.50911
36.66	0.526223
36.68	0.543125
36.7	0.55981
36.72	0.576272
36.74	0.592503
36.76	0.608496
36.78	0.624247
36.8	0.639747
36.82	0.654992
36.84	0.669975
36.86	0.684689
36.88	0.69913
36.9	0.713291
36.92	0.727167
36.94	0.740752
36.96	0.75404
36.98	0.767027
37	0.779707
37.02	0.792075
37.04	0.804127
37.06	0.815856
37.08	0.82726
37.1	0.838332
37.12	0.849069
37.14	0.859466
37.16	0.869519
37.18	0.879225
37.2	0.888579
37.22	0.897577
37.24	0.906216
37.26	0.914493
37.28	0.922404
37.3	0.929946
37.32	0.937116
37.34	0.943911
37.36	0.950329
37.38	0.956366
37.4	0.962021
37.42	0.967291
37.44	0.972173
37.46	0.976667
37.48	0.980771
37.5	0.984482
37.52	0.987799
37.54	0.990721
37.56	0.993246
37.58	0.995375
37.6	0.997105
37.62	0.998436
37.64	0.999368
37.66	0.9999
37.68	1.00003
37.7	0.999764
37.72	0.999096
37.74	0.998028
37.76	0.996561
37.78	0.994696
37.8	0.992432
37.82	0.989772
37.84	0.986715
37.86	0.983264
37.88	0.97942
37.9	0.975183
37.92	0.970557
37.94	0.965542
37.96	0.960141
37.98	0.954356
38	0.948189
38.02	0.941643
38.04	0.93472
38.06	0.927424
38.08	0.919756
38.1	0.91172
38.12	0.90332
38.14	0.894558
38.16	0.885438
38.18	0.875964
38.2	0.86614
38.22	0.855969
38.24	0.845456
38.26	0.834605
38.28	0.823419
38.3	0.811905
38.32	0.800065
38.34	0.787905
38.36	0.775431
38.38	0.762646
38.4	0.749556
38.42	0.736166
38.44	0.722481
38.46	0.708508
38.48	0.694251
38.5	0.679717
38.52	0.66491
38.54	0.649838
38.56	0.634505
38.58	0.618919
38.6	0.603085
38.62	0.58701
38.64	0.5707
38.66	0.554162
38.68	0.537402
38.7	0.520427
38.72	0.503244
38.74	0.485859
38.76	0.46828
38.78	0.450514
38.8	0.432568
38.82	0.414449
38.84	0.396163
38.86	0.37772
38.88	0.359125
38.9	0.340386
38.92	0.321512
38.94	0.302509
38.96	0.283384
38.98	0.264147
39	0.244803
39.02	0.225362
39.04	0.205831
39.06	0.186217
39.08	0.166529
39.1	0.146774
39.12	0.126961
39.14	0.107096
39.16	0.0871891
39.18	0.067247
39.2	0.047278
39.22	0.0272902
39.24	0.00729137
39.26	-0.0127103
39.28	-0.032707
39.3	-0.0526905
39.32	-0.072653
39.34	-0.0925864
39.36	-0.112483
39.38	-0.132334
39.4	-0.152133
39.42	-0.17187
39.44	-0.191539
39.46	-0.211131
39.48	-0.230639
39.5	-0.250054
39.52	-0.26937
39.54	-0.288577
39.56	-0.30767
39.58	-0.326639
39.6	-0.345477
39.62	-0.364178
39.64	-0.382732
39.66	-0.401134
39.68	-0.419375
39.7	-0.437448
39.72	-0.455346
39.74	-0.473062
39.76	-0.490589
39.78	-0.50792
39.8	-0.525047
39.82	-0.541965
39.84	-0.558665
39.86	-0.575142
39.88	-0.591389
39.9	-0.6074
39.92	-0.623167
39.94	-0.638685
39.96	-0.653948
39.98	-0.668949
