T	y	with	h=0.02
0	0.9998
0.02	0.9992
0.04	0.998201
0.06	0.996802
0.08	0.995004
0.1	0.992809
0.12	0.990216
0.14	0.987227
0.16	0.983844
0.18	0.980067
0.2	0.975897
0.22	0.971338
0.24	0.96639
0.26	0.961055
0.28	0.955336
0.3	0.949235
0.32	0.942755
0.34	0.935897
0.36	0.928665
0.38	0.921061
0.4	0.913089
0.42	0.904752
0.44	0.896052
0.46	0.886995
0.48	0.877583
0.5	0.867819
0.52	0.857709
0.54	0.847255
0.56	0.836463
0.58	0.825336
0.6	0.813878
0.62	0.802096
0.64	0.789992
0.66	0.777573
0.68	0.764842
0.7	0.751806
0.72	0.738469
0.74	0.724836
0.76	0.710914
0.78	0.696707
0.8	0.682221
0.82	0.667463
0.84	0.652437
0.86	0.637151
0.88	0.62161
0.9	0.60582
0.92	0.589788
0.94	0.57352
0.96	0.557023
0.98	0.540302
1	0.523366
1.02	0.50622
1.04	0.488872
1.06	0.471328
1.08	0.453596
1.1	0.435682
1.12	0.417595
1.14	0.39934
1.16	0.380925
1.18	0.362358
1.2	0.343646
1.22	0.324796
1.24	0.305817
1.26	0.286715
1.28	0.267499
1.3	0.248176
1.32	0.228753
1.34	0.209239
1.36	0.189641
1.38	0.169967
1.4	0.150226
1.42	0.130424
1.44	0.11057
1.46	0.0906717
1.48	0.0707373
1.5	0.0507746
1.52	0.0307916
1.54	0.0107962
1.56	-0.00920342
1.58	-0.0291994
1.6	-0.0491837
1.62	-0.0691483
1.64	-0.0890853
1.66	-0.108987
1.68	-0.128844
1.7	-0.148651
1.72	-0.168397
1.74	-0.188077
1.76	-0.207681
1.78	-0.227202
1.8	-0.246632
1.82	-0.265964
1.84	-0.285189
1.86	-0.3043
1.88	-0.323289
1.9	-0.342149
1.92	-0.360873
1.94	-0.379451
1.96	-0.397879
1.98	-0.416147
2	-0.434248
2.02	-0.452176
2.04	-0.469923
2.06	-0.487482
2.08	-0.504846
2.1	-0.522008
2.12	-0.538961
2.14	-0.555699
2.16	-0.572214
2.18	-0.588501
2.2	-0.604552
2.22	-0.620361
2.24	-0.635922
2.26	-0.651229
2.28	-0.666276
2.3	-0.681055
2.32	-0.695563
2.34	-0.709792
2.36	-0.723737
2.38	-0.737393
2.4	-0.750754
2.42	-0.763815
2.44	-0.77657
2.46	-0.789014
2.48	-0.801143
2.5	-0.812952
2.52	-0.824435
2.54	-0.835588
2.56	-0.846408
2.58	-0.856888
2.6	-0.867026
2.62	-0.876817
2.64	-0.886258
2.66	-0.895344
2.68	-0.904072
2.7	-0.912438
2.72	-0.920439
2.74	-0.928072
2.76	-0.935334
2.78	-0.942222
2.8	-0.948733
2.82	-0.954864
2.84	-0.960613
2.86	-0.965979
2.88	-0.970958
2.9	-0.975548
2.92	-0.979748
2.94	-0.983557
2.96	-0.986972
2.98	-0.989992
3	-0.992616
3.02	-0.994843
3.04	-0.996673
3.06	-0.998103
3.08	-0.999135
3.1	-0.999766
3.12	-0.999998
3.14	-0.99983
3.16	-0.999262
3.18	-0.998294
3.2	-0.996927
3.22	-0.995161
3.24	-0.992997
3.26	-0.990436
3.28	-0.987479
3.3	-0.984127
3.32	-0.980381
3.34	-0.976243
3.36	-0.971715
3.38	-0.966798
3.4	-0.961494
3.42	-0.955805
3.44	-0.949735
3.46	-0.943284
3.48	-0.936456
3.5	-0.929254
3.52	-0.921679
3.54	-0.913737
3.56	-0.905428
3.58	-0.896758
3.6	-0.887729
3.62	-0.878344
3.64	-0.868609
3.66	-0.858526
3.68	-0.848099
3.7	-0.837334
3.72	-0.826233
3.74	-0.814802
3.76	-0.803045
3.78	-0.790967
3.8	-0.778573
3.82	-0.765867
3.84	-0.752854
3.86	-0.739541
3.88	-0.725932
3.9	-0.712032
3.92	-0.697848
3.94	-0.683384
3.96	-0.668647
3.98	-0.653643
4	-0.638377
4.02	-0.622856
4.04	-0.607086
4.06	-0.591073
4.08	-0.574824
4.1	-0.558344
4.12	-0.541641
4.14	-0.524722
4.16	-0.507593
4.18	-0.490261
4.2	-0.472732
4.22	-0.455015
4.24	-0.437115
4.26	-0.419041
4.28	-0.400799
4.3	-0.382397
4.32	-0.363841
4.34	-0.345141
4.36	-0.326302
4.38	-0.307333
4.4	-0.28824
4.42	-0.269033
4.44	-0.249718
4.46	-0.230303
4.48	-0.210796
4.5	-0.191204
4.52	-0.171536
4.54	-0.1518
4.56	-0.132003
4.58	-0.112153
4.6	-0.0922576
4.62	-0.0723258
4.64	-0.0523651
4.66	-0.0323834
4.68	-0.0123888
4.7	0.00761082
4.72	0.0276074
4.74	0.0475929
4.76	0.0675593
4.78	0.0874988
4.8	0.107403
4.82	0.127265
4.84	0.147075
4.86	0.166827
4.88	0.186512
4.9	0.206122
4.92	0.22565
4.94	0.245088
4.96	0.264428
4.98	0.283662
5	0.302782
5.02	0.321782
5.04	0.340652
5.06	0.359387
5.08	0.377977
5.1	0.396417
5.12	0.414698
5.14	0.432813
5.16	0.450754
5.18	0.468516
5.2	0.48609
5.22	0.50347
5.24	0.520648
5.26	0.537619
5.28	0.554374
5.3	0.570907
5.32	0.587212
5.34	0.603282
5.36	0.619111
5.38	0.634692
5.4	0.650019
5.42	0.665087
5.44	0.679888
5.46	0.694417
5.48	0.708669
5.5	0.722637
5.52	0.736316
5.54	0.749701
5.56	0.762785
5.58	0.775565
5.6	0.788034
5.62	0.800188
5.64	0.812023
5.66	0.823532
5.68	0.834712
5.7	0.845558
5.72	0.856066
5.74	0.866231
5.76	0.87605
5.78	0.885518
5.8	0.894633
5.82	0.903389
5.84	0.911784
5.86	0.919815
5.88	0.927477
5.9	0.934769
5.92	0.941686
5.94	0.948227
5.96	0.954389
5.98	0.960169
6	0.965565
6.02	0.970575
6.04	0.975196
6.06	0.979428
6.08	0.983267
6.1	0.986714
6.12	0.989765
6.14	0.992421
6.16	0.99468
6.18	0.996541
6.2	0.998003
6.22	0.999066
6.24	0.99973
6.26	0.999994
6.28	0.999857
6.3	0.999321
6.32	0.998385
6.34	0.99705
6.36	0.995316
6.38	0.993184
6.4	0.990654
6.42	0.987728
6.44	0.984408
6.46	0.980693
6.48	0.976586
6.5	0.972089
6.52	0.967203
6.54	0.96193
6.56	0.956272
6.58	0.950231
6.6	0.943811
6.62	0.937013
6.64	0.92984
6.66	0.922296
6.68	0.914382
6.7	0.906103
6.72	0.897461
6.74	0.88846
6.76	0.879104
6.78	0.869396
6.8	0.859341
6.82	0.848942
6.84	0.838203
6.86	0.827129
6.88	0.815724
6.9	0.803993
6.92	0.79194
6.94	0.779571
6.96	0.766889
6.98	0.753901
7	0.740612
7.02	0.727026
7.04	0.713149
7.06	0.698987
7.08	0.684546
7.1	0.66983
7.12	0.654847
7.14	0.639602
7.16	0.624101
7.18	0.608351
7.2	0.592357
7.22	0.576126
7.24	0.559664
7.26	0.542979
7.28	0.526077
7.3	0.508964
7.32	0.491648
7.34	0.474135
7.36	0.456432
7.38	0.438547
7.4	0.420486
7.42	0.402257
7.44	0.383868
7.46	0.365324
7.48	0.346635
7.5	0.327807
7.52	0.308848
7.54	0.289765
7.56	0.270566
7.58	0.25126
7.6	0.231852
7.62	0.212352
7.64	0.192767
7.66	0.173105
7.68	0.153374
7.7	0.133581
7.72	0.113735
7.74	0.0938433
7.76	0.0739142
7.78	0.0539554
7.8	0.0339751
7.82	0.0139813
7.84	-0.00601821
7.86	-0.0260153
7.88	-0.0460019
7.9	-0.0659702
7.92	-0.0859121
7.94	-0.10582
7.96	-0.125685
7.98	-0.1455
8	-0.165256
8.02	-0.184947
8.04	-0.204564
8.06	-0.224098
8.08	-0.243544
8.1	-0.262891
8.12	-0.282134
8.14	-0.301264
8.16	-0.320273
8.18	-0.339154
8.2	-0.3579
8.22	-0.376502
8.24	-0.394954
8.26	-0.413248
8.28	-0.431376
8.3	-0.449332
8.32	-0.467108
8.34	-0.484698
8.36	-0.502093
8.38	-0.519288
8.4	-0.536275
8.42	-0.553047
8.44	-0.569598
8.46	-0.585922
8.48	-0.602011
8.5	-0.617859
8.52	-0.63346
8.54	-0.648808
8.56	-0.663896
8.58	-0.678719
8.6	-0.69327
8.62	-0.707544
8.64	-0.721535
8.66	-0.735237
8.68	-0.748645
8.7	-0.761754
8.72	-0.774558
8.74	-0.787052
8.76	-0.799232
8.78	-0.811091
8.8	-0.822627
8.82	-0.833833
8.84	-0.844706
8.86	-0.855241
8.88	-0.865434
8.9	-0.87528
8.92	-0.884777
8.94	-0.893919
8.96	-0.902705
8.98	-0.911129
9	-0.919188
9.02	-0.92688
9.04	-0.934201
9.06	-0.941149
9.08	-0.94772
9.1	-0.953912
9.12	-0.959722
9.14	-0.965149
9.16	-0.970189
9.18	-0.974842
9.2	-0.979104
9.22	-0.982975
9.24	-0.986453
9.26	-0.989536
9.28	-0.992223
9.3	-0.994514
9.32	-0.996407
9.34	-0.997901
9.36	-0.998996
9.38	-0.999691
9.4	-0.999987
9.42	-0.999882
9.44	-0.999378
9.46	-0.998474
9.48	-0.99717
9.5	-0.995468
9.52	-0.993367
9.54	-0.99087
9.56	-0.987975
9.58	-0.984686
9.6	-0.981003
9.62	-0.976927
9.64	-0.972461
9.66	-0.967605
9.68	-0.962363
9.7	-0.956736
9.72	-0.950726
9.74	-0.944335
9.76	-0.937567
9.78	-0.930424
9.8	-0.922909
9.82	-0.915025
9.84	-0.906775
9.86	-0.898162
9.88	-0.889189
9.9	-0.879861
9.92	-0.870182
9.94	-0.860154
9.96	-0.849782
9.98	-0.83907
10	-0.828022
10.02	-0.816644
10.04	-0.804938
10.06	-0.792911
10.08	-0.780567
10.1	-0.76791
10.12	-0.754946
10.14	-0.74168
10.16	-0.728118
10.18	-0.714264
10.2	-0.700125
10.22	-0.685705
10.24	-0.671012
10.26	-0.65605
10.28	-0.640825
10.3	-0.625344
10.32	-0.609613
10.34	-0.593639
10.36	-0.577426
10.38	-0.560983
10.4	-0.544316
10.42	-0.52743
10.44	-0.510334
10.46	-0.493034
10.48	-0.475536
10.5	-0.457848
10.52	-0.439977
10.54	-0.42193
10.56	-0.403715
10.58	-0.385337
10.6	-0.366806
10.62	-0.348128
10.64	-0.329311
10.66	-0.310362
10.68	-0.291289
10.7	-0.272099
10.72	-0.252801
10.74	-0.233401
10.76	-0.213908
10.78	-0.19433
10.8	-0.174673
10.82	-0.154947
10.84	-0.135159
10.86	-0.115317
10.88	-0.0954287
10.9	-0.0755023
10.92	-0.0555457
10.94	-0.0355668
10.96	-0.0155737
10.98	0.00442559
11	0.0244231
11.02	0.0444109
11.04	0.0643809
11.06	0.0843252
11.08	0.104236
11.1	0.124105
11.12	0.143924
11.14	0.163685
11.16	0.183382
11.18	0.203004
11.2	0.222546
11.22	0.241998
11.24	0.261354
11.26	0.280606
11.28	0.299745
11.3	0.318764
11.32	0.337655
11.34	0.356412
11.36	0.375026
11.38	0.39349
11.4	0.411796
11.42	0.429938
11.44	0.447908
11.46	0.465699
11.48	0.483304
11.5	0.500715
11.52	0.517926
11.54	0.534929
11.56	0.551719
11.58	0.568288
11.6	0.58463
11.62	0.600738
11.64	0.616606
11.66	0.632227
11.68	0.647595
11.7	0.662704
11.72	0.677548
11.74	0.692121
11.76	0.706417
11.78	0.720431
11.8	0.734156
11.82	0.747588
11.84	0.760721
11.86	0.773549
11.88	0.786068
11.9	0.798273
11.92	0.810158
11.94	0.82172
11.96	0.832952
11.98	0.843852
12	0.854414
12.02	0.864634
12.04	0.874508
12.06	0.884033
12.08	0.893204
12.1	0.902018
12.12	0.91047
12.14	0.918559
12.16	0.92628
12.18	0.933631
12.2	0.940609
12.22	0.94721
12.24	0.953432
12.26	0.959273
12.28	0.96473
12.3	0.969802
12.32	0.974485
12.34	0.978779
12.36	0.982681
12.38	0.98619
12.4	0.989304
12.42	0.992023
12.44	0.994345
12.46	0.99627
12.48	0.997796
12.5	0.998923
12.52	0.99965
12.54	0.999977
12.56	0.999905
12.58	0.999432
12.6	0.99856
12.62	0.997288
12.64	0.995617
12.66	0.993549
12.68	0.991082
12.7	0.98822
12.72	0.984962
12.74	0.98131
12.76	0.977265
12.78	0.97283
12.8	0.968006
12.82	0.962794
12.84	0.957197
12.86	0.951218
12.88	0.944858
12.9	0.93812
12.92	0.931006
12.94	0.923521
12.96	0.915666
12.98	0.907444
13	0.89886
13.02	0.889916
13.04	0.880617
13.06	0.870965
13.08	0.860964
13.1	0.85062
13.12	0.839935
13.14	0.828914
13.16	0.817561
13.18	0.805882
13.2	0.79388
13.22	0.781561
13.24	0.768929
13.26	0.755989
13.28	0.742747
13.3	0.729208
13.32	0.715378
13.34	0.701261
13.36	0.686863
13.38	0.672191
13.4	0.65725
13.42	0.642047
13.44	0.626586
13.46	0.610875
13.48	0.594919
13.5	0.578726
13.52	0.562301
13.54	0.545651
13.56	0.528782
13.58	0.511703
13.6	0.494418
13.62	0.476936
13.64	0.459263
13.66	0.441407
13.68	0.423373
13.7	0.405171
13.72	0.386806
13.74	0.368287
13.76	0.34962
13.78	0.330814
13.8	0.311875
13.82	0.292812
13.84	0.273631
13.86	0.254341
13.88	0.234949
13.9	0.215463
13.92	0.195891
13.94	0.176241
13.96	0.15652
13.98	0.136737
14	0.116899
14.02	0.0970139
14.04	0.0770902
14.06	0.0571357
14.08	0.0371584
14.1	0.0171661
14.12	-0.00283296
14.14	-0.0228309
14.16	-0.0428197
14.18	-0.0627915
14.2	-0.082738
14.22	-0.102652
14.24	-0.122524
14.26	-0.142347
14.28	-0.162114
14.3	-0.181816
14.32	-0.201444
14.34	-0.220993
14.36	-0.240453
14.38	-0.259817
14.4	-0.279076
14.42	-0.298225
14.44	-0.317254
14.46	-0.336156
14.48	-0.354923
14.5	-0.373549
14.52	-0.392025
14.54	-0.410344
14.56	-0.4285
14.58	-0.446483
14.6	-0.464289
14.62	-0.481908
14.64	-0.499335
14.66	-0.516562
14.68	-0.533583
14.7	-0.55039
14.72	-0.566977
14.74	-0.583337
14.76	-0.599464
14.78	-0.615351
14.8	-0.630991
14.82	-0.64638
14.84	-0.66151
14.86	-0.676375
14.88	-0.69097
14.9	-0.705288
14.92	-0.719325
14.94	-0.733073
14.96	-0.746529
14.98	-0.759686
15	-0.772538
15.02	-0.785082
15.04	-0.797312
15.06	-0.809223
15.08	-0.820811
15.1	-0.83207
15.12	-0.842996
15.14	-0.853585
15.16	-0.863832
15.18	-0.873734
15.2	-0.883287
15.22	-0.892486
15.24	-0.901328
15.26	-0.90981
15.28	-0.917928
15.3	-0.925679
15.32	-0.933059
15.34	-0.940066
15.36	-0.946697
15.38	-0.95295
15.4	-0.958821
15.42	-0.964309
15.44	-0.969411
15.46	-0.974126
15.48	-0.97845
15.5	-0.982384
15.52	-0.985924
15.54	-0.98907
15.56	-0.991821
15.58	-0.994174
15.6	-0.996131
15.62	-0.997688
15.64	-0.998847
15.66	-0.999606
15.68	-0.999965
15.7	-0.999924
15.72	-0.999484
15.74	-0.998643
15.76	-0.997403
15.78	-0.995764
15.8	-0.993727
15.82	-0.991293
15.84	-0.988461
15.86	-0.985235
15.88	-0.981614
15.9	-0.977601
15.92	-0.973197
15.94	-0.968403
15.96	-0.963223
15.98	-0.957656
16	-0.951707
16.02	-0.945377
16.04	-0.938669
16.06	-0.931586
16.08	-0.92413
16.1	-0.916304
16.12	-0.908112
16.14	-0.899556
16.16	-0.890641
16.18	-0.88137
16.2	-0.871746
16.22	-0.861773
16.24	-0.851455
16.26	-0.840797
16.28	-0.829803
16.3	-0.818477
16.32	-0.806823
16.34	-0.794847
16.36	-0.782553
16.38	-0.769945
16.4	-0.75703
16.42	-0.743812
16.44	-0.730297
16.46	-0.716489
16.48	-0.702395
16.5	-0.68802
16.52	-0.673369
16.54	-0.658449
16.56	-0.643266
16.58	-0.627826
16.6	-0.612134
16.62	-0.596198
16.64	-0.580023
16.66	-0.563616
16.68	-0.546984
16.7	-0.530133
16.72	-0.51307
16.74	-0.495802
16.76	-0.478335
16.78	-0.460677
16.8	-0.442835
16.82	-0.424815
16.84	-0.406626
16.86	-0.388274
16.88	-0.369767
16.9	-0.351112
16.92	-0.332316
16.94	-0.313388
16.96	-0.294334
16.98	-0.275162
17	-0.255881
17.02	-0.236497
17.04	-0.217018
17.06	-0.197453
17.08	-0.177809
17.1	-0.158093
17.12	-0.138314
17.14	-0.11848
17.16	-0.0985989
17.18	-0.078678
17.2	-0.0587257
17.22	-0.0387498
17.24	-0.0187585
17.26	0.00124032
17.28	0.0212387
17.3	0.0412285
17.32	0.0612018
17.34	0.0811507
17.36	0.101067
17.38	0.120943
17.4	0.140771
17.42	0.160542
17.44	0.180249
17.46	0.199884
17.48	0.219439
17.5	0.238906
17.52	0.258278
17.54	0.277546
17.56	0.296704
17.58	0.315743
17.6	0.334655
17.62	0.353434
17.64	0.372071
17.66	0.390559
17.68	0.408891
17.7	0.42706
17.72	0.445058
17.74	0.462877
17.76	0.480512
17.78	0.497954
17.8	0.515198
17.82	0.532235
17.84	0.549059
17.86	0.565664
17.88	0.582042
17.9	0.598188
17.92	0.614094
17.94	0.629755
17.96	0.645163
17.98	0.660314
18	0.675201
18.02	0.689817
18.04	0.704158
18.06	0.718217
18.08	0.731989
18.1	0.745468
18.12	0.758648
18.14	0.771526
18.16	0.784094
18.18	0.796349
18.2	0.808286
18.22	0.819899
18.24	0.831185
18.26	0.842137
18.28	0.852753
18.3	0.863028
18.32	0.872958
18.34	0.882538
18.36	0.891766
18.38	0.900637
18.4	0.909147
18.42	0.917294
18.44	0.925074
18.46	0.932484
18.48	0.939521
18.5	0.946183
18.52	0.952465
18.54	0.958367
18.56	0.963886
18.58	0.969019
18.6	0.973764
18.62	0.97812
18.64	0.982084
18.66	0.985656
18.68	0.988834
18.7	0.991616
18.72	0.994001
18.74	0.995989
18.76	0.997578
18.78	0.998769
18.8	0.999559
18.82	0.999951
18.84	0.999942
18.86	0.999533
18.88	0.998724
18.9	0.997516
18.92	0.995909
18.94	0.993903
18.96	0.9915
18.98	0.988701
19	0.985506
19.02	0.981916
19.04	0.977934
19.06	0.973561
19.08	0.968799
19.1	0.963649
19.12	0.958113
19.14	0.952194
19.16	0.945895
19.18	0.939217
19.2	0.932163
19.22	0.924737
19.24	0.91694
19.26	0.908777
19.28	0.90025
19.3	0.891364
19.32	0.88212
19.34	0.872524
19.36	0.862579
19.38	0.852289
19.4	0.841658
19.42	0.83069
19.44	0.81939
19.46	0.807763
19.48	0.795812
19.5	0.783543
19.52	0.77096
19.54	0.758069
19.56	0.744875
19.58	0.731383
19.6	0.717599
19.62	0.703527
19.64	0.689174
19.66	0.674545
19.68	0.659647
19.7	0.644485
19.72	0.629064
19.74	0.613393
19.76	0.597476
19.78	0.58132
19.8	0.564931
19.82	0.548316
19.84	0.531483
19.86	0.514436
19.88	0.497184
19.9	0.479733
19.92	0.46209
19.94	0.444262
19.96	0.426256
19.98	0.40808
20	0.389741
20.02	0.371246
20.04	0.352603
20.06	0.333818
20.08	0.3149
20.1	0.295856
20.12	0.276693
20.14	0.25742
20.16	0.238044
20.18	0.218573
20.2	0.199014
20.22	0.179375
20.24	0.159665
20.26	0.139891
20.28	0.120061
20.3	0.100184
20.32	0.0802656
20.34	0.0603154
20.36	0.0403412
20.38	0.0203508
20.4	0.000352321
20.42	-0.0196463
20.44	-0.0396371
20.46	-0.0596121
20.48	-0.0795632
20.5	-0.0994824
20.52	-0.119362
20.54	-0.139194
20.56	-0.15897
20.58	-0.178682
20.6	-0.198323
20.62	-0.217885
20.64	-0.237359
20.66	-0.256739
20.68	-0.276016
20.7	-0.295182
20.72	-0.314231
20.74	-0.333154
20.76	-0.351943
20.78	-0.370592
20.8	-0.389092
20.82	-0.407437
20.84	-0.425619
20.86	-0.44363
20.88	-0.461465
20.9	-0.479114
20.92	-0.496572
20.94	-0.513832
20.96	-0.530885
20.98	-0.547727
21	-0.564349
21.02	-0.580746
21.04	-0.59691
21.06	-0.612836
21.08	-0.628516
21.1	-0.643945
21.12	-0.659117
21.14	-0.674025
21.16	-0.688663
21.18	-0.703026
21.2	-0.717107
21.22	-0.730902
21.24	-0.744405
21.26	-0.757609
21.28	-0.770511
21.3	-0.783104
21.32	-0.795385
21.34	-0.807347
21.36	-0.818986
21.38	-0.830297
21.4	-0.841277
21.42	-0.85192
21.44	-0.862222
21.46	-0.872179
21.48	-0.881788
21.5	-0.891044
21.52	-0.899943
21.54	-0.908482
21.56	-0.916658
21.58	-0.924468
21.6	-0.931907
21.62	-0.938974
21.64	-0.945665
21.66	-0.951978
21.68	-0.957911
21.7	-0.96346
21.72	-0.968623
21.74	-0.9734
21.76	-0.977786
21.78	-0.981782
21.8	-0.985385
21.82	-0.988594
21.84	-0.991408
21.86	-0.993825
21.88	-0.995844
21.9	-0.997466
21.92	-0.998688
21.94	-0.99951
21.96	-0.999933
21.98	-0.999956
22	-0.999579
22.02	-0.998803
22.04	-0.997626
22.06	-0.996051
22.08	-0.994077
22.1	-0.991706
22.12	-0.988938
22.14	-0.985774
22.16	-0.982216
22.18	-0.978265
22.2	-0.973923
22.22	-0.969192
22.24	-0.964072
22.26	-0.958567
22.28	-0.952679
22.3	-0.94641
22.32	-0.939762
22.34	-0.932738
22.36	-0.925341
22.38	-0.917574
22.4	-0.90944
22.42	-0.900942
22.44	-0.892084
22.46	-0.882869
22.48	-0.873301
22.5	-0.863383
22.52	-0.85312
22.54	-0.842516
22.56	-0.831575
22.58	-0.820302
22.6	-0.8087
22.62	-0.796775
22.64	-0.784531
22.66	-0.771973
22.68	-0.759107
22.7	-0.745936
22.72	-0.732468
22.74	-0.718706
22.76	-0.704658
22.78	-0.690327
22.8	-0.67572
22.82	-0.660843
22.84	-0.645701
22.86	-0.630301
22.88	-0.614649
22.9	-0.598752
22.92	-0.582614
22.94	-0.566244
22.96	-0.549647
22.98	-0.532831
23	-0.515801
23.02	-0.498565
23.04	-0.481129
23.06	-0.463501
23.08	-0.445688
23.1	-0.427696
23.12	-0.409534
23.14	-0.391207
23.16	-0.372724
23.18	-0.354092
23.2	-0.335319
23.22	-0.316411
23.24	-0.297376
23.26	-0.278223
23.28	-0.258958
23.3	-0.23959
23.32	-0.220126
23.34	-0.200574
23.36	-0.180942
23.38	-0.161237
23.4	-0.141468
23.42	-0.121642
23.44	-0.101768
23.46	-0.0818529
23.48	-0.0619051
23.5	-0.0419325
23.52	-0.0219431
23.54	-0.00194496
23.56	0.018054
23.58	0.0380457
23.6	0.0580221
23.62	0.0779754
23.64	0.0978975
23.66	0.11778
23.68	0.137616
23.7	0.157397
23.72	0.177115
23.74	0.196762
23.76	0.21633
23.78	0.235812
23.8	0.255199
23.82	0.274485
23.84	0.29366
23.86	0.312718
23.88	0.331651
23.9	0.350452
23.92	0.369112
23.94	0.387624
23.96	0.405982
23.98	0.424177
24	0.442202
24.02	0.460051
24.04	0.477715
24.06	0.495189
24.08	0.512464
24.1	0.529535
24.12	0.546393
24.14	0.563033
24.16	0.579448
24.18	0.595631
24.2	0.611576
24.22	0.627276
24.24	0.642726
24.26	0.657918
24.28	0.672847
24.3	0.687507
24.32	0.701892
24.34	0.715996
24.36	0.729814
24.38	0.74334
24.4	0.756568
24.42	0.769494
24.44	0.782113
24.46	0.794418
24.48	0.806405
24.5	0.81807
24.52	0.829408
24.54	0.840414
24.56	0.851084
24.58	0.861414
24.6	0.871399
24.62	0.881035
24.64	0.890319
24.66	0.899247
24.68	0.907815
24.7	0.91602
24.72	0.923859
24.74	0.931328
24.76	0.938424
24.78	0.945146
24.8	0.951489
24.82	0.957452
24.84	0.963031
24.86	0.968226
24.88	0.973033
24.9	0.977451
24.92	0.981478
24.94	0.985112
24.96	0.988353
24.98	0.991198
25	0.993646
25.02	0.995698
25.04	0.99735
25.06	0.998604
25.08	0.999459
25.1	0.999914
25.12	0.999969
25.14	0.999623
25.16	0.998878
25.18	0.997734
25.2	0.99619
25.22	0.994248
25.24	0.991908
25.26	0.989172
25.28	0.98604
25.3	0.982513
25.32	0.978594
25.34	0.974283
25.36	0.969582
25.38	0.964493
25.4	0.959019
25.42	0.953161
25.44	0.946922
25.46	0.940304
25.48	0.93331
25.5	0.925943
25.52	0.918205
25.54	0.9101
25.56	0.901631
25.58	0.892802
25.6	0.883615
25.62	0.874075
25.64	0.864185
25.66	0.85395
25.68	0.843373
25.7	0.832458
25.72	0.821211
25.74	0.809635
25.76	0.797736
25.78	0.785517
25.8	0.772984
25.82	0.760142
25.84	0.746996
25.86	0.733551
25.88	0.719812
25.9	0.705786
25.92	0.691478
25.94	0.676893
25.96	0.662037
25.98	0.646916
26	0.631536
26.02	0.615904
26.04	0.600026
26.06	0.583908
26.08	0.567556
26.1	0.550977
26.12	0.534177
26.14	0.517164
26.16	0.499944
26.18	0.482525
26.2	0.464912
26.22	0.447113
26.24	0.429135
26.26	0.410986
26.28	0.392672
26.3	0.374201
26.32	0.355581
26.34	0.336818
26.36	0.317921
26.38	0.298896
26.4	0.279752
26.42	0.260496
26.44	0.241136
26.46	0.221679
26.48	0.202134
26.5	0.182508
26.52	0.162809
26.54	0.143044
26.56	0.123223
26.58	0.103352
26.6	0.08344
26.62	0.0634945
26.64	0.0435236
26.66	0.0235353
26.68	0.00353759
26.7	-0.0164616
26.72	-0.0364541
26.74	-0.0564321
26.76	-0.0763875
26.78	-0.0963123
26.8	-0.116199
26.82	-0.136039
26.84	-0.155824
26.86	-0.175547
26.88	-0.1952
26.9	-0.214775
26.92	-0.234264
26.94	-0.253659
26.96	-0.272953
26.98	-0.292137
27	-0.311205
27.02	-0.330148
27.04	-0.348959
27.06	-0.367631
27.08	-0.386155
27.1	-0.404526
27.12	-0.422734
27.14	-0.440773
27.16	-0.458636
27.18	-0.476315
27.2	-0.493804
27.22	-0.511096
27.24	-0.528183
27.26	-0.545058
27.28	-0.561716
27.3	-0.578149
27.32	-0.594351
27.34	-0.610315
27.36	-0.626035
27.38	-0.641504
27.4	-0.656717
27.42	-0.671668
27.44	-0.686349
27.46	-0.700756
27.48	-0.714883
27.5	-0.728724
27.52	-0.742273
27.54	-0.755526
27.56	-0.768476
27.58	-0.781119
27.6	-0.793449
27.62	-0.805462
27.64	-0.817153
27.66	-0.828517
27.68	-0.83955
27.7	-0.850246
27.72	-0.860603
27.74	-0.870616
27.76	-0.88028
27.78	-0.889592
27.8	-0.898548
27.82	-0.907145
27.84	-0.915379
27.86	-0.923247
27.88	-0.930746
27.9	-0.937872
27.92	-0.944624
27.94	-0.950997
27.96	-0.95699
27.98	-0.9626
28	-0.967826
28.02	-0.972664
28.04	-0.977113
28.06	-0.981171
28.08	-0.984837
28.1	-0.988108
28.12	-0.990985
28.14	-0.993465
28.16	-0.995548
28.18	-0.997233
28.2	-0.998519
28.22	-0.999405
28.24	-0.999892
28.26	-0.999978
28.28	-0.999665
28.3	-0.998952
28.32	-0.997839
28.34	-0.996327
28.36	-0.994417
28.38	-0.992109
28.4	-0.989404
28.42	-0.986303
28.44	-0.982808
28.46	-0.978919
28.48	-0.97464
28.5	-0.96997
28.52	-0.964912
28.54	-0.959469
28.56	-0.953641
28.58	-0.947432
28.6	-0.940844
28.62	-0.93388
28.64	-0.926543
28.66	-0.918834
28.68	-0.910759
28.7	-0.902318
28.72	-0.893517
28.74	-0.884359
28.76	-0.874847
28.78	-0.864985
28.8	-0.854777
28.82	-0.844227
28.84	-0.833339
28.86	-0.822118
28.88	-0.810568
28.9	-0.798694
28.92	-0.786501
28.94	-0.773993
28.96	-0.761175
28.98	-0.748053
29	-0.734632
29.02	-0.720917
29.04	-0.706913
29.06	-0.692627
29.08	-0.678064
29.1	-0.663229
29.12	-0.648129
29.14	-0.63277
29.16	-0.617158
29.18	-0.601299
29.2	-0.585199
29.22	-0.568866
29.24	-0.552305
29.26	-0.535523
29.28	-0.518526
29.3	-0.501323
29.32	-0.483919
29.34	-0.466321
29.36	-0.448537
29.38	-0.430573
29.4	-0.412437
29.42	-0.394136
29.44	-0.375678
29.46	-0.357069
29.48	-0.338317
29.5	-0.31943
29.52	-0.300416
29.54	-0.281281
29.56	-0.262033
29.58	-0.242681
29.6	-0.223232
29.62	-0.203693
29.64	-0.184073
29.66	-0.16438
29.68	-0.14462
29.7	-0.124803
29.72	-0.104936
29.74	-0.085027
29.76	-0.0650838
29.78	-0.0451147
29.8	-0.0251275
29.82	-0.0051302
29.84	0.0148691
29.86	0.0348625
29.88	0.0548419
29.9	0.0747994
29.92	0.0947269
29.94	0.114617
29.96	0.13446
29.98	0.15425
30	0.173979
30.02	0.193638
30.04	0.213219
30.06	0.232715
30.08	0.252118
30.1	0.27142
30.12	0.290613
30.14	0.309691
30.16	0.328644
30.18	0.347466
30.2	0.366149
30.22	0.384686
30.24	0.403068
30.26	0.42129
30.28	0.439343
30.3	0.45722
30.32	0.474914
30.34	0.492418
30.36	0.509726
30.38	0.526829
30.4	0.543722
30.42	0.560397
30.44	0.576849
30.46	0.593069
30.48	0.609052
30.5	0.624792
30.52	0.640281
30.54	0.655515
30.56	0.670486
30.58	0.68519
30.6	0.699619
30.62	0.713768
30.64	0.727632
30.66	0.741204
30.68	0.754481
30.7	0.767455
30.72	0.780123
30.74	0.792478
30.76	0.804517
30.78	0.816233
30.8	0.827624
30.82	0.838683
30.84	0.849406
30.86	0.85979
30.88	0.869831
30.9	0.879523
30.92	0.888863
30.94	0.897848
30.96	0.906473
30.98	0.914737
31	0.922634
31.02	0.930162
31.04	0.937318
31.06	0.944099
31.08	0.950503
31.1	0.956526
31.12	0.962167
31.14	0.967423
31.16	0.972292
31.18	0.976772
31.2	0.980861
31.22	0.984559
31.24	0.987862
31.26	0.99077
31.28	0.993282
31.3	0.995396
31.32	0.997113
31.34	0.99843
31.36	0.999348
31.38	0.999867
31.4	0.999985
31.42	0.999704
31.44	0.999023
31.46	0.997942
31.48	0.996462
31.5	0.994583
31.52	0.992306
31.54	0.989633
31.56	0.986564
31.58	0.9831
31.6	0.979243
31.62	0.974994
31.64	0.970355
31.66	0.965329
31.68	0.959916
31.7	0.954119
31.72	0.94794
31.74	0.941382
31.76	0.934448
31.78	0.92714
31.8	0.919461
31.82	0.911414
31.84	0.903003
31.86	0.894231
31.88	0.885101
31.9	0.875617
31.92	0.865782
31.94	0.855602
31.96	0.845079
31.98	0.834218
32	0.823023
32.02	0.8115
32.04	0.799651
32.06	0.787483
32.08	0.775
32.1	0.762207
32.12	0.749109
32.14	0.735711
32.16	0.722019
32.18	0.708038
32.2	0.693774
32.22	0.679233
32.24	0.66442
32.26	0.649341
32.28	0.634002
32.3	0.61841
32.32	0.60257
32.34	0.58649
32.36	0.570175
32.38	0.553631
32.4	0.536867
32.42	0.519887
32.44	0.5027
32.46	0.485311
32.48	0.467729
32.5	0.449959
32.52	0.432009
32.54	0.413887
32.56	0.395599
32.58	0.377153
32.6	0.358556
32.62	0.339815
32.64	0.320939
32.66	0.301934
32.68	0.282809
32.7	0.26357
32.72	0.244226
32.74	0.224784
32.76	0.205252
32.78	0.185639
32.8	0.16595
32.82	0.146196
32.84	0.126383
32.86	0.10652
32.88	0.0866137
32.9	0.066673
32.92	0.0467056
32.94	0.0267195
32.96	0.00672281
32.98	-0.0132766
33	-0.0332707
33.02	-0.0532515
33.04	-0.073211
33.06	-0.0931413
33.08	-0.113034
33.1	-0.132882
33.12	-0.152677
33.14	-0.17241
33.16	-0.192075
33.18	-0.211662
33.2	-0.231166
33.22	-0.250576
33.24	-0.269887
33.26	-0.289089
33.28	-0.308176
33.3	-0.327139
33.32	-0.345972
33.34	-0.364666
33.36	-0.383215
33.38	-0.40161
33.4	-0.419844
33.42	-0.437911
33.44	-0.455802
33.46	-0.473512
33.48	-0.491031
33.5	-0.508355
33.52	-0.525475
33.54	-0.542384
33.56	-0.559077
33.58	-0.575547
33.6	-0.591786
33.62	-0.607788
33.64	-0.623547
33.66	-0.639057
33.68	-0.654311
33.7	-0.669303
33.72	-0.684028
33.74	-0.698479
33.76	-0.712651
33.78	-0.726538
33.8	-0.740134
33.82	-0.753434
33.84	-0.766433
33.86	-0.779125
33.88	-0.791505
33.9	-0.803569
33.92	-0.815312
33.94	-0.826728
33.96	-0.837814
33.98	-0.848564
34	-0.858976
34.02	-0.869043
34.04	-0.878763
34.06	-0.888132
34.08	-0.897145
34.1	-0.905799
34.12	-0.914091
34.14	-0.922018
34.16	-0.929575
34.18	-0.936761
34.2	-0.943572
34.22	-0.950006
34.24	-0.95606
34.26	-0.961731
34.28	-0.967018
34.3	-0.971918
34.32	-0.976429
34.34	-0.98055
34.36	-0.984278
34.38	-0.987613
34.4	-0.990552
34.42	-0.993096
34.44	-0.995242
34.46	-0.99699
34.48	-0.998339
34.5	-0.999289
34.52	-0.99984
34.54	-0.99999
34.56	-0.99974
34.58	-0.999091
34.6	-0.998042
34.62	-0.996593
34.64	-0.994746
34.66	-0.992502
34.68	-0.98986
34.7	-0.986822
34.72	-0.98339
34.74	-0.979564
34.76	-0.975346
34.78	-0.970738
34.8	-0.965742
34.82	-0.96036
34.84	-0.954594
34.86	-0.948445
34.88	-0.941918
34.9	-0.935013
34.92	-0.927735
34.94	-0.920086
34.96	-0.912068
34.98	-0.903686
35	-0.894942
35.02	-0.88584
35.04	-0.876384
35.06	-0.866578
35.08	-0.856424
35.1	-0.845929
35.12	-0.835095
35.14	-0.823926
35.16	-0.812429
35.18	-0.800606
35.2	-0.788463
35.22	-0.776005
35.24	-0.763236
35.26	-0.750162
35.28	-0.736788
35.3	-0.72312
35.32	-0.709162
35.34	-0.69492
35.36	-0.6804
35.38	-0.665609
35.4	-0.650551
35.42	-0.635233
35.44	-0.61966
35.46	-0.60384
35.48	-0.587779
35.5	-0.571482
35.52	-0.554957
35.54	-0.538209
35.56	-0.521247
35.58	-0.504076
35.6	-0.486703
35.62	-0.469136
35.64	-0.451381
35.66	-0.433445
35.68	-0.415336
35.7	-0.397061
35.72	-0.378627
35.74	-0.360042
35.76	-0.341313
35.78	-0.322447
35.8	-0.303452
35.82	-0.284336
35.84	-0.265106
35.86	-0.24577
35.88	-0.226335
35.9	-0.206811
35.92	-0.187203
35.94	-0.167521
35.96	-0.147771
35.98	-0.127963
36	-0.108103
36.02	-0.0882001
36.04	-0.0682619
36.06	-0.0482964
36.08	-0.0283116
36.1	-0.00831539
36.12	0.0116841
36.14	0.0316789
36.16	0.0516611
36.18	0.0716225
36.2	0.0915554
36.22	0.111452
36.24	0.131303
36.26	0.151102
36.28	0.170841
36.3	0.190511
36.32	0.210105
36.34	0.229616
36.36	0.249034
36.38	0.268352
36.4	0.287564
36.42	0.30666
36.44	0.325634
36.46	0.344477
36.48	0.363183
36.5	0.381743
36.52	0.400151
36.54	0.418398
36.56	0.436478
36.58	0.454384
36.6	0.472108
36.62	0.489643
36.64	0.506982
36.66	0.524119
36.68	0.541045
36.7	0.557756
36.72	0.574243
36.74	0.590501
36.76	0.606522
36.78	0.622301
36.8	0.637831
36.82	0.653105
36.84	0.668119
36.86	0.682865
36.88	0.697338
36.9	0.711533
36.92	0.725442
36.94	0.739062
36.96	0.752385
36.98	0.765408
37	0.778125
37.02	0.79053
37.04	0.80262
37.06	0.814388
37.08	0.825831
37.1	0.836943
37.12	0.84772
37.14	0.858158
37.16	0.868254
37.18	0.878001
37.2	0.887398
37.22	0.89644
37.24	0.905123
37.26	0.913444
37.28	0.921399
37.3	0.928987
37.32	0.936202
37.34	0.943043
37.36	0.949507
37.38	0.955591
37.4	0.961293
37.42	0.966611
37.44	0.971541
37.46	0.976083
37.48	0.980235
37.5	0.983995
37.52	0.987361
37.54	0.990332
37.56	0.992907
37.58	0.995085
37.6	0.996865
37.62	0.998246
37.64	0.999228
37.66	0.99981
37.68	0.999992
37.7	0.999774
37.72	0.999157
37.74	0.998139
37.76	0.996723
37.78	0.994907
37.8	0.992694
37.82	0.990084
37.84	0.987078
37.86	0.983677
37.88	0.979882
37.9	0.975696
37.92	0.971119
37.94	0.966154
37.96	0.960802
37.98	0.955066
38	0.948948
38.02	0.942451
38.04	0.935576
38.06	0.928328
38.08	0.920708
38.1	0.912719
38.12	0.904366
38.14	0.895651
38.16	0.886578
38.18	0.87715
38.2	0.867371
38.22	0.857245
38.24	0.846776
38.26	0.835969
38.28	0.824827
38.3	0.813356
38.32	0.801559
38.34	0.789441
38.36	0.777008
38.38	0.764264
38.4	0.751214
38.42	0.737864
38.44	0.724218
38.46	0.710283
38.48	0.696064
38.5	0.681566
38.52	0.666796
38.54	0.651759
38.56	0.636461
38.58	0.620909
38.6	0.605109
38.62	0.589066
38.64	0.572788
38.66	0.55628
38.68	0.539551
38.7	0.522605
38.72	0.50545
38.74	0.488093
38.76	0.470541
38.78	0.452801
38.8	0.434879
38.82	0.416784
38.84	0.398522
38.86	0.3801
38.88	0.361527
38.9	0.342809
38.92	0.323954
38.94	0.304969
38.96	0.285862
38.98	0.266641
39	0.247313
39.02	0.227886
39.04	0.208368
39.06	0.188767
39.08	0.169091
39.1	0.149346
39.12	0.129542
39.14	0.109686
39.16	0.0897864
39.18	0.0698507
39.2	0.0498871
39.22	0.0299035
39.24	0.00990795
39.26	-0.0100916
39.28	-0.030087
39.3	-0.0500705
39.32	-0.0700339
39.34	-0.0899693
39.36	-0.109869
39.38	-0.129724
39.4	-0.149528
39.42	-0.169271
39.44	-0.188948
39.46	-0.208548
39.48	-0.228065
39.5	-0.247491
39.52	-0.266818
39.54	-0.286038
39.56	-0.305144
39.58	-0.324127
39.6	-0.342981
39.62	-0.361698
39.64	-0.38027
39.66	-0.39869
39.68	-0.416951
39.7	-0.435045
39.72	-0.452964
39.74	-0.470703
39.76	-0.488253
39.78	-0.505608
39.8	-0.522761
39.82	-0.539705
39.84	-0.556433
39.86	-0.572938
39.88	-0.589214
39.9	-0.605255
39.92	-0.621053
39.94	-0.636603
39.96	-0.651898
39.98	-0.666933
